1	-5
1.45	-4.55
1.9	-4.1
2.35	-3.65
2.8	-3.2
3.25	-2.75
3.7	-2.3
4.15	-1.85
4.6	-1.4
5.05	-0.950001
5.5	-0.500001
5.95	-0.0500019
6.4	0.399997
6.85	0.849994
7.3	1.29999
7.75	1.74998
8.2	2.19997
8.65	2.64994
9.1	3.0999
9.55	3.54983
10	3.9997
10.45	4.44948
10.9	4.89908
11.35	5.34839
11.8	5.79717
12.25	6.24504
12.7	6.6913
13.15	7.13472
13.6	7.57319
14.05	8.00294
14.5	8.41741
14.95	8.80506
15.4	9.14561
15.85	9.40354
16.3	9.51644
16.75	9.37481
17.2	8.78646
17.65	7.41411
18.1	4.66578
18.55	-0.497469
19	-9.89902
