1	-5
1.45	-4.55
1.9	-4.1
2.35	-3.65
2.8	-3.2
3.25	-2.75
3.7	-2.3
4.15	-1.85
4.6	-1.4
5.05	-0.950001
5.5	-0.500001
5.95	-0.0500019
6.4	0.399997
6.85	0.849994
7.3	1.29999
7.75	1.74998
8.2	2.19997
8.65	2.64994
9.1	3.0999
9.55	3.54983
10	3.9997
10.45	4.44947
10.9	4.89908
11.35	5.34838
11.8	5.79716
12.25	6.24502
12.7	6.69126
13.15	7.13466
13.6	7.57307
14.05	8.00274
14.5	8.41705
14.95	8.80442
15.4	9.14449
15.85	9.40157
16.3	9.51298
16.75	9.36874
17.2	8.77582
17.65	7.39543
18.1	4.633
18.55	-0.555003
19	-10
