1	-5
1.45	-4.55
1.9	-4.1
2.35	-3.65
2.8	-3.2
3.25	-2.75
3.7	-2.3
4.15	-1.85
4.6	-1.4
5.05	-0.95
5.5	-0.500001
5.95	-0.0500012
6.4	0.399998
6.85	0.849996
7.3	1.29999
7.75	1.74999
8.2	2.19998
8.65	2.64996
9.1	3.09993
9.55	3.54988
10	3.99978
10.45	4.44961
10.9	4.8993
11.35	5.34876
11.8	5.79779
12.25	6.24606
12.7	6.69297
13.15	7.13747
13.6	7.57766
14.05	8.01018
14.5	8.42901
14.95	8.82346
15.4	9.17443
15.85	9.4479
16.3	9.58321
16.75	9.47224
17.2	8.92226
17.65	7.58968
18.1	4.86205
18.55	-0.352439
19	-10
